#
  75.9953230 -273.6986610
  75.9770380 -273.6364800
  75.9720040 -273.5627350
  75.7402270 -273.5191710
  75.7126620 -273.4960690
  75.6439620 -273.4361740
  75.4430510 -273.2249370
  75.3664470 -273.1897890
  75.3344060 -273.1057420
  75.2523700 -273.0045750
  74.9046420 -273.0036100
  74.8395540 -272.8688940
  74.8337790 -272.7773490
  74.6254740 -272.7564380
  74.5727610 -272.4601800
  74.4769380 -272.4553320
  74.3037360 -272.4006840
  74.2686630 -272.2165640
  74.2423020 -272.2102690
  74.1432430 -272.1746890
  74.0577080 -272.0761870
  74.0249830 -272.0238250
  74.0085580 -272.0138830
  73.8990260 -271.9911430
  73.7645110 -271.9117550
  73.5924040 -271.8676890
  73.5183420 -271.7597090
  73.4789110 -271.6753430
  73.4024630 -271.6509220
  73.2402310 -271.6063570
  73.0218870 -271.4883570
  72.7677630 -271.2803070
  72.7103930 -271.2701370
  72.5848640 -271.1305850
  72.5635510 -271.0574440
  72.4441210 -270.9511310
  72.3730970 -270.8944220
  72.3393480 -270.8629570
  72.2762370 -270.8184340
  72.2394210 -270.7990220
  72.0326920 -270.5430010
  71.7732120 -270.3313880
  71.6844220 -270.2670570
  71.4695380 -269.9991740
  71.3298410 -269.9396120
  71.1640080 -269.9258690
  71.0421990 -269.8897530
  71.0328090 -269.5760050
  70.5548480 -269.3642410
  70.4278500 -269.2090010
  70.1031190 -269.0848190
  70.0342110 -268.8656470
  69.9293810 -268.8308750
  69.9292970 -268.8304550
  69.8253370 -268.6939570
  69.7561400 -268.6741380
  69.5014110 -268.6419230
  69.4996160 -268.6375860
  69.3051640 -268.3607830
  69.0366550 -268.2601450
  68.7190920 -267.9794500
  68.2935840 -267.7231630
  68.1436590 -267.5441110
  68.0153740 -267.3303540
  67.8573310 -267.2811690
  67.8134720 -267.1943200
  67.6594120 -267.0098990
  67.2252120 -266.9149270
  67.1874870 -266.6954100
  67.1872050 -266.6630400
  67.1513170 -266.5237080
  66.7630150 -266.4801380
  66.7046250 -266.2705620
  66.6839510 -266.0545190
  66.6226010 -266.0511960
  66.5876230 -266.0505950
  66.3313870 -266.0295650
  66.2347970 -266.0202990
  66.0417940 -265.8759940
  65.4613030 -265.4922980
  65.3324140 -265.2842080
  65.0936810 -265.1226350
  64.7084180 -264.8012950
  64.5791970 -264.6879570
  64.2570600 -264.6394460
  63.9343860 -264.1906990
  63.2436710 -263.6957170
  62.7166270 -263.3636450
  62.0125940 -263.1252960
  61.8026170 -262.4719170
  61.1382070 -262.1872810
  60.9496990 -261.9104990
  60.5598690 -261.8110190
  60.3260610 -261.4133220
  59.9806080 -260.8457130
  59.3218740 -260.6820180
  59.3047130 -260.3711230
  57.8208700 -260.3424410
  57.7758860 -259.8880090
  57.3693710 -259.6070790
  57.2518020 -259.5349900
  55.9281320 -259.2080450
  55.9278660 -259.1164840
  55.6265000 -258.5112370
  54.8745420 -258.4299390
  51.9941460 -257.8951540
  51.9922440 -257.8854750
  51.9854160 -257.7841820
  51.9852020 -257.7354970
  51.9848860 -257.7222720
  51.9801360 -257.7047690
  51.9776460 -257.6735620
  51.7774860 -257.6480600
  51.6783890 -257.4985150
  51.6752610 -257.4856390
  51.6619280 -257.4555400
  51.5115610 -257.1855060
  51.1927710 -257.1738040
  50.9522350 -256.8369640
  50.6975740 -256.7401610
  50.6943140 -256.6819840
  50.4953670 -256.4733530
  50.4922740 -256.3730610
  50.3234590 -256.3561610
  50.1590340 -256.1912630
  49.9135420 -255.9371200
  49.8823710 -255.8335540
  49.7629520 -255.7675400
  49.5395390 -255.7583730
  49.5190840 -255.5720480
  49.4690580 -255.3075030
  49.4058830 -255.2776520
  49.2288730 -255.2588540
  48.8845300 -255.0812820
  48.8279940 -254.9259360
  48.5698230 -254.9185270
  48.4797160 -254.7711220
  48.4650540 -254.7596260
  47.9904290 -254.5992500
  47.9428770 -254.2829930
  47.6449560 -254.2016430
  47.6241380 -253.8499640
  47.5109820 -253.8105250
  47.3198780 -253.7545090
  47.1153540 -253.7130590
  47.0589400 -253.6285370
  46.9689330 -253.5743370
  46.8313770 -253.5268990
  46.7319890 -253.2685600
  46.1290790 -253.1796640
  45.9608620 -253.0200320
  45.9032230 -252.8486800
  45.8545760 -252.8021100
  45.8282430 -252.4461510
  45.4114820 -252.2691690
  45.3012500 -252.2414680
  44.9206620 -252.2317700
  44.7399500 -251.8991190
  44.7226350 -251.8859130
  44.6528080 -251.8326770
  44.6004330 -251.7832720
  44.5036740 -251.5712540
  44.3108990 -251.5220920
  44.0691880 -251.4168640
  43.9807840 -251.2849930
  43.5290830 -251.1711320
  43.4830440 -250.9321800
  43.2803710 -250.8726210
  42.9733520 -250.7531930
  42.8360780 -250.7226960
  42.8184830 -250.6441310
  42.7899420 -250.5445160
  42.7603500 -250.3637030
  42.3430310 -250.2345150
  42.2114670 -249.9789230
  41.9334490 -249.9228220
  41.7215600 -249.7548170
  41.6178590 -249.5654490
  41.5089560 -249.5187810
  41.3246150 -249.3257460
  41.2502230 -249.2996500
  41.0490130 -249.2618240
  40.8405970 -249.2089710
  40.4753680 -248.8445110
  40.3807630 -248.7264040
  40.2681980 -248.6236550
  40.1574610 -248.5660770
  40.1522620 -248.5395050
  39.8371800 -248.4266330
  39.8112530 -248.2892540
  39.8076550 -248.2497390
  39.4456630 -248.1272760
  39.4395730 -248.1244940
  39.0640090 -247.9971890
  39.0491650 -247.9098260
  38.9495880 -247.8718310
  38.9085460 -247.8396380
  38.8945940 -247.8068590
  38.7687590 -247.6869510
  38.7594190 -247.4822010
  38.4066490 -247.4815270
  38.4066260 -247.2524340
  38.3909520 -247.2422390
  38.3244340 -247.2379360
  38.3231860 -247.2181410
  38.1094600 -247.2052470
  38.0602800 -247.0723930
  37.9849800 -246.9976860
  37.7510090 -246.9754120
  37.7253520 -246.9153140
  37.6925230 -246.8502430
  37.5745960 -246.8363840
  37.4681900 -246.8085930
  37.2891970 -246.6558930
  37.2849090 -246.5915960
  37.2148730 -246.5136020
  37.1553170 -246.4993840
  36.8729390 -246.2763190
  36.5615620 -246.2196230
  36.4506040 -245.9558810
  36.2663740 -245.7905150
  36.2599520 -245.7850800
  36.1880600 -245.6354720
  36.1471460 -245.6136700
  35.9369120 -245.5506250
  35.9247580 -245.4739060
  35.4502690 -245.4341630
  35.0875770 -245.2162050
  35.0099000 -245.0340900
  34.7756120 -244.9040510
  34.7750700 -244.7663270
  34.5016240 -244.7659570
  34.4154530 -244.7641760
  34.3434800 -244.6944730
  34.3025990 -244.6835830
  33.9592470 -244.4041100
  33.8472830 -244.3241770
  33.7917240 -244.2856790
  33.7305900 -244.2786570
  33.7253050 -244.1260220
  33.3617440 -244.0782690
  33.3433100 -244.0224790
  32.9491030 -243.8892760
  32.9235020 -243.8572540
  32.8135470 -243.6518950
  32.8024730 -243.6335980
  32.7995420 -243.5925030
  32.5183730 -243.5835660
  32.4433150 -243.5501650
  32.4413020 -243.5042450
  32.3565860 -243.4443830
  32.2940220 -243.3627430
  31.9470530 -243.3425620
  31.7802840 -243.2514630
  31.7802840 -243.2510140
  31.4578210 -243.0417780
  31.4122050 -242.9541220
  30.8696250 -242.8167290
  30.7634000 -242.7813440
  30.4871620 -242.6500580
  30.3601150 -242.5072410
  30.1791960 -242.4510670
  30.1590600 -242.4236260
  30.0998400 -242.4142010
  30.1159380 -242.4142010
  30.0913790 -242.3385620
  29.8698070 -242.3124210
  29.6966980 -242.2873530
  29.4326910 -242.2402440
  29.2839550 -242.1260190
  29.1476990 -242.0943070
  29.0418290 -242.0925350
  28.8707860 -242.0303260
  28.7901910 -241.9679520
  28.1145090 -241.9639810
  28.0078180 -241.8783190
  27.9934050 -241.8755970
  27.9901090 -241.8467840
  27.9901140 -241.8467840
  27.9897510 -241.8386140
  27.9887900 -241.8251220
  27.9862020 -241.7822240
  27.9801990 -241.7097540
  27.9798620 -241.7097530
  27.9795140 -241.6665210
  27.9785890 -241.6563980
  27.9775900 -241.6444630
  27.9774890 -241.6130530
  27.9674450 -241.5319440
  27.9663330 -241.5034840
  27.9645780 -241.4689250
  27.9641260 -241.4576370
  27.9592520 -241.3755500
  27.9539310 -241.3211620
  27.9535860 -241.2514010
  27.9458810 -241.2076460
  27.9413390 -241.1642240
  27.9414990 -241.1642240
  27.9391500 -241.0090580
  27.9307280 -240.8717760
  27.9245930 -240.8467520
  27.9213240 -240.8143630
  27.9182870 -240.7892690
  27.9130270 -240.7117510
  27.9074980 -240.6066340
  27.9059110 -240.6062630
  27.9049550 -240.5796890
  27.9026760 -240.5278450
  27.8955570 -240.4880800
  27.8951300 -240.3832710
  27.8908330 -240.3535530
  27.8862280 -240.3418090
  27.8860920 -240.3412110
  27.8815140 -240.3131410
  27.8771850 -240.2344300
  27.8750820 -240.2031410
  27.8750960 -240.2031410
  27.8662000 -240.1140770
  27.8654990 -240.0421310
  27.8640990 -239.9946110
  27.8495160 -239.8515340
  27.8417480 -239.7741920
  27.8373960 -239.6536620
  27.8312740 -239.5805980
  27.8295330 -239.4518100
  27.8101440 -239.2744270
  27.8059910 -239.2697510
  27.8023150 -239.0770910
  27.7965210 -239.0102740
  27.7959890 -238.9549110
  27.7952230 -238.8182430
  27.7815770 -238.7515130
  27.7765700 -238.7320520
  27.7566770 -238.5301590
  27.7482290 -238.4725190
  27.7342970 -238.2509320
  27.7326590 -238.2340840
  27.7294990 -238.1869580
  27.7195580 -238.0391410
  27.7194360 -237.9574580
  27.7052110 -237.8236560
  27.7047670 -237.7889130
  27.6945440 -237.4346730
  27.6835260 -237.4169490
  27.6683520 -237.3164320
  27.6584710 -237.0645270
  27.6499990 -236.9315160
  27.6466570 -236.7736220
  27.6321640 -236.7320550
  27.6174730 -236.6032810
  27.6128540 -236.5817030
  27.6094180 -236.4476380
  27.5955870 -236.2431310
  27.5883810 -235.7911680
  27.5805230 -235.7752780
  27.5684720 -235.7392150
  27.5577760 -235.6395650
  27.5480870 -235.6131940
  27.5348250 -235.3648560
  27.5270490 -235.2776660
  27.5240490 -235.1269530
  27.5047820 -235.0810440
  27.4944160 -234.6680680
  27.4889900 -234.5998640
  27.4742960 -234.5855570
  27.4704360 -234.2160350
  27.4702960 -234.2129720
  27.4461110 -234.1561730
  27.4461230 -234.1561730
  27.4431250 -234.1123670
  27.4297400 -233.9455730
  27.4275250 -233.8800760
  27.4229310 -233.8119920
  27.4064340 -233.4494970
  27.4037440 -233.2542360
  27.3794910 -233.2394210
  27.3715480 -233.1399180
  27.3590790 -232.9260010
  27.3470120 -232.7564010
  27.3390470 -232.6343740
  27.3331540 -232.3651560
  27.3223980 -232.2921990
  27.3040100 -232.0783510
  27.2998680 -231.8174200
  27.2650910 -231.6434810
  27.2561430 -231.4099970
  27.2535050 -231.3886390
  27.2437640 -231.3312160
  27.2415580 -231.2512050
  27.2348940 -231.2019230
  27.2252570 -230.9172130
  27.2040850 -230.6716100
  27.1874100 -230.5495910
  27.1881110 -230.5495910
  27.1864540 -230.1601500
  27.1662930 -230.1222240
  27.1638040 -230.0331960
  27.1619380 -230.0160780
  27.1577220 -229.9453610
  27.1514140 -229.8233740
  27.1471910 -229.8221150
  27.1472780 -229.8221150
  27.1296670 -229.2379240
  27.0964010 -229.0898190
  27.0802980 -228.9414370
  27.0799210 -228.9109090
  27.0796830 -228.9073840
  27.0534770 -228.5186570
  27.0176880 -228.2606200
  27.0166810 -228.1072700
  27.0174470 -228.1072700
  27.0115680 -227.8043860
  26.9951140 -227.6383730
  26.9633290 -227.2419700
  26.9609950 -227.2298540
  26.9591240 -227.1521160
  26.9470000 -226.9578320
  26.9461400 -226.7947840
  26.9410980 -226.7377530
  26.9312660 -226.7004170
  26.9074840 -226.6237520
  26.8934730 -226.0786250
  26.8526290 -225.9153730
  26.8374560 -225.5757830
  26.8344960 -225.4535530
  26.8215420 -225.3319300
  26.8162070 -225.2070440
  26.8097440 -225.0603830
  26.7944340 -225.0603320
  26.7740750 -224.8469840
  26.7498640 -224.4899390
  26.7324540 -224.2178730
  26.7323840 -224.1848100
  26.7303630 -224.1713540
  26.7289680 -224.1566540
  26.7255340 -223.4012670
  26.7098020 -223.3929690
  26.6965910 -223.3281050
  26.6893760 -223.2655450
  26.6689540 -223.1361460
  26.6590270 -223.1069110
  26.6360800 -222.8441030
  26.6235790 -222.6283350
  26.6183410 -222.5474880
  26.6160750 -222.4012630
  26.5958170 -222.3087460
  26.5898010 -222.0235770
  26.5853450 -221.6914390
  26.5776970 -221.6614620
  26.5738520 -221.5069800
  26.5651360 -221.2549820
  26.5239150 -221.2303640
  26.4983260 -220.7916850
  26.4709870 -220.6095800
  26.4688420 -220.3308960
  26.4541170 -220.1484870
  26.4400900 -220.1412820
  26.4274710 -219.8338110
  26.4277290 -219.8338110
  26.4125670 -219.7633810
  26.4122510 -219.4942850
  26.4062270 -219.4646730
  26.4058580 -219.4065900
  26.3899620 -219.4020650
  26.3874690 -219.4020640
  26.3794110 -219.2429690
  26.3632520 -218.8410030
  26.3512110 -218.8409990
  26.3247200 -218.5535530
  26.3183940 -218.4839120
  26.3184210 -218.4839120
  26.3111010 -218.3967980
  26.3029730 -218.2507650
  26.2914780 -218.2478630
  26.2796040 -218.0591070
  26.2635980 -217.6894770
  26.2284110 -217.3267440
  26.2251910 -217.1918270
  26.2156450 -217.0526800
  26.1922580 -216.8682310
  26.1928980 -216.8682310
  26.1916160 -216.7800240
  26.1785720 -216.1755090
  26.1667920 -216.0253460
  26.1494520 -215.8618510
  26.0987190 -215.5934130
  26.0906100 -215.1900330
  26.0521390 -214.8029380
  26.0222920 -214.4896120
  26.0011520 -214.0934650
  25.9813120 -214.0796960
  25.9722720 -213.5589000
  25.9368050 -213.0917560
  25.9274390 -212.8169110
  25.9122800 -212.7747270
  25.9118790 -212.6118020
  25.9063190 -212.5768320
  25.8573270 -212.3977650
  25.8451060 -211.9445370
  25.8294410 -211.8561730
  25.8281680 -211.8045590
  25.7699810 -210.9544100
  25.7415900 -210.4179470
  25.7233320 -210.3982400
  25.7156630 -210.1521390
  25.6949030 -209.9524860
  25.6584640 -209.1299500
  25.6401780 -208.8272070
  25.6322520 -208.5069650
  25.6031380 -208.4390960
  25.5666890 -208.0359480
  25.5450780 -208.0319720
  25.5190480 -207.7311040
  25.4999850 -207.0032160
  25.4599920 -206.9473190
  25.4389760 -205.9611260
  25.3805550 -205.6376090
  25.3635100 -205.1693320
  25.3337190 -204.9207260
  25.3157870 -204.8478570
  25.3150940 -204.5295300
  25.3041350 -204.4775670
  25.2521470 -204.0521290
  25.2455370 -203.6111090
  25.2012390 -203.2119650
  25.1946320 -203.1279400
  25.1828470 -203.1123390
  25.1624280 -202.5849760
  25.1357180 -202.1988850
  25.0750760 -201.4865620
  25.0156950 -200.2391500
  24.9886280 -200.1590730
  24.9607270 -199.4545860
  24.8917300 -199.2161780
  24.8847150 -198.7694940
  24.8700350 -198.4244010
  24.8531800 -198.2543960
  24.8370410 -198.0165920
  24.8039480 -197.9482300
  24.7965720 -197.5176460
  24.7764660 -197.3330230
  24.7450500 -197.0565430
  24.6901740 -196.4840020
  24.6588900 -195.8282730
  24.6192070 -195.6126140
  24.5456460 -194.3102550
  24.4837850 -193.3944580
  24.4507640 -193.0174120
  24.4494220 -192.7283790
  24.4299740 -192.5887620
  24.3567240 -191.8582020
  24.3431350 -191.7593260
  24.3197450 -191.3520840
  24.3136330 -191.0301940
  24.2641710 -190.3273200
  24.1803070 -189.6875700
  24.1529200 -189.3115870
  24.1125440 -188.9298660
  24.0529330 -187.8529110
  24.0311570 -187.6930260
  23.9533150 -186.8276680
  23.9198230 -186.2513630
  23.9019880 -185.6066400
  23.8975750 -185.6066350
  23.8554730 -185.2510460
  23.8384680 -185.1301720
  23.8091460 -184.2250450
  23.7790310 -183.8766320
  23.7501410 -183.5784860
  23.7101430 -183.5569870
  23.6997290 -182.8304320
  23.6911720 -182.8072210
  23.6667330 -182.5380210
  23.6495730 -182.2192250
  23.6217370 -182.0197570
  23.5968610 -181.8088540
  23.5935360 -181.6360020
  23.5684680 -180.9174570
  23.5186210 -180.3718760
  23.4926160 -180.0005920
  23.4838130 -179.7396070
  23.3902000 -179.1217170
  23.3628960 -178.6320430
  23.3386130 -177.9409110
  23.3143570 -177.2614620
  23.3087760 -177.1880330
  23.2269990 -177.0961050
  23.1270650 -175.7537950
  23.0466090 -174.6430510
  22.9828660 -173.2792090
  22.9026220 -172.3515940
  22.8955530 -172.2223430
  22.8744800 -171.6284110
  22.8441600 -171.0170280
  22.8189990 -171.0107880
  22.7468140 -170.3056550
  22.7140410 -170.0955610
  22.7107390 -170.0788440
  22.6749800 -169.6146320
  22.5400930 -167.9634080
  22.5314990 -167.8056020
  22.5274290 -167.3290600
  22.5269730 -167.3269570
  22.4964280 -167.3261990
  22.4966660 -167.3261990
  22.4675050 -166.2901560
  22.3892540 -166.2017860
  22.3702270 -165.9653700
  22.3601370 -165.4129500
  22.2500040 -163.0305730
  22.1528120 -162.5332990
  22.1278220 -162.2949300
  22.0956760 -161.6906360
  22.0673840 -161.5889940
  22.0641270 -160.9693540
  22.0525080 -160.7579670
  22.0515640 -160.7202200
  21.9901210 -160.7081410
  21.9615720 -160.0426080
  21.9402370 -159.4689350
  21.8521230 -159.4649090
  21.8498330 -157.9599170
  21.7891080 -157.3331570
  21.6874300 -157.0351600
  21.6319780 -156.4079400
  21.6257590 -155.3118790
  21.5652440 -154.5250820
  21.4881810 -154.3684400
  21.4278610 -153.9507610
  21.4144200 -153.2170690
  21.3913840 -152.5247350
  21.3525680 -152.3586190
  21.3349940 -151.9672970
  21.3041330 -151.7382600
  21.2813010 -151.1958630
  21.2687430 -150.6314720
  21.2346430 -150.2939420
  21.2142880 -149.7177490
  21.1198510 -149.4008820
  21.1101100 -149.1911990
  21.0763570 -148.6470360
  21.0649550 -148.1546010
  20.9818470 -146.5871930
  20.9392270 -145.1872180
  20.7661530 -144.6048760
  20.6602850 -144.1526800
  20.5423410 -142.2980520
  20.5371440 -141.5285430
  20.2854720 -139.4598530
  20.2511320 -139.1325370
  20.2457470 -138.1391410
  20.1734750 -135.8368860
  19.9815320 -135.1008610
  19.8743360 -134.0265150
  19.7812690 -132.0690400
  19.6552690 -130.9595570
  19.6187290 -128.9248410
  19.4330420 -127.0165570
  19.3912760 -125.7197100
  19.3399850 -125.7037740
  19.3078890 -125.1113080
  19.2088300 -124.4757710
  19.2045320 -124.2831820
  19.1162280 -123.2218440
  18.9196660 -122.9494220
  18.5285360 -122.6466670
  17.9484160 -122.6337230
  17.3934400 -122.2003810
  17.1333760 -121.8903080
  16.7550800 -121.6709280
  16.6519650 -121.6401340
  16.4289190 -121.4782010
  16.2101090 -121.4149440
  15.8289850 -121.1737460
  15.5389240 -120.9330450
  15.4995170 -120.8504890
  15.4620540 -120.7854460
  15.4488880 -120.7609340
  15.3645270 -120.7578400
  15.3485230 -120.6873100
  14.9850670 -120.6629560
  14.9846920 -120.5391980
  14.8785600 -120.3990560
  14.5593820 -120.2996610
  14.5593820 -120.2937090
  14.5512950 -120.2741660
  14.4374760 -120.2188220
  14.4157720 -120.1996340
  14.3495150 -120.0861440
  14.3480270 -120.0833220
  14.2874660 -119.9392720
  14.1756090 -119.8759210
  14.1201240 -119.8722200
  14.0281150 -119.8242920
  13.8958000 -119.7678590
  13.7520020 -119.6698550
  13.7154630 -119.6238920
  13.6533980 -119.5825130
  13.5690540 -119.5371100
  13.5564280 -119.5173850
  13.5223140 -119.4985200
  13.4964870 -119.4737490
  13.4593220 -119.4692290
  13.4544920 -119.4661820
  13.4406800 -119.4516570
  13.4075770 -119.4343620
  13.3309530 -119.3415240
  12.9354890 -119.1039740
  12.6982790 -119.0273110
  12.3291960 -118.8063210
  12.0815860 -118.6242690
  12.0205470 -118.5417870
  11.9331920 -118.4171130
  11.5632910 -118.1866000
  11.4321650 -118.0857330
  11.3314810 -118.0853360
  11.1432000 -117.8348510
  11.0582290 -117.7559210
  10.8717370 -117.7477260
  10.8602610 -117.6663390
  10.8244400 -117.6462900
  10.3967120 -117.6403900
  10.2148120 -117.3557840
  10.1091270 -117.3037270
  10.0266690 -117.2919860
   9.9855570 -117.2320590
   9.9666720 -117.1758770
   9.8906040 -117.1725770
   9.8054910 -117.1511200
   9.5122470 -117.1451110
   9.3747300 -117.0832510
   9.3457650 -117.0346490
   9.2301510 -117.0045140
   9.1402450 -116.9444110
   8.8675140 -116.8308920
   8.8514470 -116.6881910
   8.3599690 -116.5974890
   8.3612460 -116.5974890
   8.2952280 -116.5917740
   8.0923300 -116.5125240
   7.7423120 -116.4081150
   7.6323160 -116.3653920
   7.4951080 -116.3082660
   7.2125280 -116.2143050
   7.2044690 -116.2129390
   7.1938680 -116.1445900
   7.1913270 -116.1425260
   7.1904460 -116.1425250
   7.0709900 -116.1415600
   6.8279710 -116.1030070
   6.6975000 -116.0729150
   6.6759130 -116.0684880
   6.6727690 -116.0369130
   6.5137710 -116.0292980
   6.4102430 -116.0214030
   6.2957350 -116.0009790
   6.0795910 -115.9987350
   6.0008970 -115.9287630
   5.9997090 -115.8413130
   5.9919190 -115.7164720
   5.9867040 -115.2246620
   5.9800270 -115.1836950
   5.9690750 -114.8752740
   5.9593790 -114.7283170
   5.9419050 -114.2157140
   5.9140230 -112.2483300
   5.8402970 -111.6513610
   5.8140890 -110.6766640
   5.7227980 -107.2078060
   5.6582520 -105.0866630
   5.5685500  -90.2927550
   4.7885570  -74.1809840
   4.5312020  -63.0638970
   0.0000000    0.0000000
   0.0000000    0.0000000
#
